CT<->TC 0.1235 0.111 0.1763 0.0577
AC<->TT 0.1075 0.0941 0.0709 0.0489
CC<->TT 0.0936 0.1642 0.128 0.1132
AG<->TC 0.0861 0.0 0.0497 0.0
AC<->GT 0.0816 0.065 0.0814 0.1088
AT<->TC 0.0699 0.0636 0.0911 0.073
AT<->GC 0.069 0.0511 0.0757 0.1081
AC<->CT 0.0487 0.0634 0.0266 0.0219
AC<->TA 0.0325 0.0525 0.0154 0.0519
GC<->TT 0.0246 0.0207 0.04 0.0292
CC<->TA 0.0236 0.0701 0.0291 0.0299
CA<->TC 0.0235 0.0444 0.0283 0.0226
GT<->TC 0.0228 0.0142 0.0214 0.0321
CT<->GC 0.0216 0.0116 0.0183 0.011
AA<->GC 0.0198 0.0165 0.024 0.0541
CA<->GT 0.019 0.0 0.0134 0.0
AA<->TC 0.0189 0.0232 0.0106 0.0307
CC<->GT 0.0169 0.01 0.0151 0.0117
GC<->TA 0.0145 0.0063 0.006 0.027
AT<->CC 0.0138 0.042 0.02 0.0285
CA<->GC 0.0099 0.0028 0.0046 0.011
AT<->GA 0.0097 0.0 0.0017 0.0
AC<->GA 0.0095 0.0272 0.0157 0.073
AC<->CA 0.0065 0.0223 0.008 0.0205
CT<->TA 0.0059 0.0 0.0066 0.0
GT<->TA 0.0049 0.0 0.0006 0.0
AA<->TT 0.0044 0.0 0.0003 0.0
CA<->TT 0.0039 0.0 0.0037 0.0
AA<->CC 0.003 0.0156 0.0103 0.0117
AT<->TA 0.0017 0.0 0.0031 0.0
CC<->GA 0.0016 0.0037 0.0006 0.0117
GA<->TC 0.0016 0.0046 0.0011 0.011
CG<->GT 0.0016 0.0 0.0011 0.0
AA<->GT 0.0015 0.0 0.0009 0.0
AA<->CT 0.0013 0.0 0.0 0.0
AT<->CA 0.0012 0.0 0.0 0.0
CT<->GA 0.0002 0.0 0.0 0.0
GA<->TT 0.0001 0.0 0.0 0.0
AG<->GA 0.0003 0.0007 0.0 0.0
