Genomes
RbBM4831
RhGB01
RhKhosta2
RspKY72
As6526
Ra21CB8
Ra22DB107
Ra22DB163
RaGD2017F
RaLYRa11
RaYN2018A
RaYN2018B
RaYN2018C
RaYN2018D
Rf1
Rf4092
RfJiyuan84
RfLN2020B
RfSKB2050
RfV273
RfYNLF31C
Rmac279
RmYN07
Rpe3
RpF46
RpShaanxi
Rs3367
Rs4081
Rs4084
Rs4231
Rs4237
Rs4247
Rs4255
Rs4874
Rs56
Rs7327
Rs9401
RsAH2021A
RsAnlong103
RsFJ2021D
RsFJ2021M
RsGD2016B
RsGD2017L
RsGD2017M
RsGD2017Q
RsGD2017W
RsGD2019B
RsGD2019D
RsGD2019E
RsHKU31
RsHKU312
RsHKU37
RsHN2021C
RsHN2021D
RsHN2021E
RsHN2021F
RsHuB2013
RsiGX2019A

4X-A
25.1
26.7
27.9
26.3
28.9
29.2
28.9
28.2
28.6
28.0
29.0
28.9
28.9
28.9
27.7
28.9
27.6
27.9
27.7
28.0
28.7
28.4
27.9
29.8
28.6
28.1
29.0
28.7
29.0
28.9
28.8
29.2
28.5
28.9
28.1
29.2
29.2
28.0
28.6
27.9
27.8
27.9
28.4
28.2
32.2
28.8
28.8
29.0
28.9
27.8
27.8
27.5
28.1
28.8
28.3
28.8
28.6
28.4

4X-C
17.1
17.7
16.7
15.3
17.0
17.0
16.7
17.2
16.7
16.5
16.5
16.8
17.0
16.9
17.6
16.6
17.8
16.8
16.6
17.4
17.1
17.1
16.5
16.2
16.9
17.6
16.7
17.2
16.6
17.0
16.7
16.7
17.1
17.0
16.3
17.0
16.8
16.4
16.5
16.1
16.3
16.7
16.5
16.5
18.4
16.6
16.4
16.6
16.7
16.6
16.5
16.3
17.1
16.5
16.8
16.9
17.0
15.9

4X-G
9.1
11.5
10.6
9.2
8.6
8.3
8.4
8.8
8.6
8.7
8.5
8.3
8.5
8.7
9.5
8.9
9.5
9.5
9.5
9.5
8.5
9.1
9.1
8.5
8.9
10.2
8.5
8.9
8.3
8.5
8.8
8.5
8.9
8.7
9.3
8.1
8.2
9.1
8.7
9.8
9.7
9.8
9.2
9.2
8.7
8.7
9.0
8.9
8.8
9.9
9.6
10.1
9.3
8.9
9.0
9.1
9.0
9.1

4X-U
48.8
44.1
44.9
49.2
45.4
45.5
46.1
45.8
46.1
46.7
46.1
46.0
45.6
45.5
45.3
45.7
45.2
45.8
46.1
45.1
45.7
45.4
46.5
45.6
45.6
44.1
45.9
45.2
46.2
45.6
45.7
45.6
45.5
45.3
46.2
45.7
45.8
46.5
46.2
46.2
46.3
45.6
45.9
46.2
40.8
45.9
45.8
45.6
45.6
45.6
46.1
46.0
45.6
45.9
45.9
45.2
45.4
46.6

2X-A
54.8
52.7
53.7
58.4
56.9
57.4
56.9
54.8
57.1
57.1
56.7
56.8
56.4
56.6
58.0
55.6
58.6
57.6
58.0
58.1
56.7
56.6
56.5
56.6
56.1
56.3
56.6
56.4
56.0
56.1
57.0
55.8
56.4
56.5
57.1
56.0
56.2
56.2
56.0
57.4
57.5
57.5
56.9
56.0
63.5
56.6
56.8
56.9
56.8
57.1
57.1
56.9
56.8
58.5
56.7
56.7
55.3
56.9

2X-G
45.2
47.3
46.3
41.6
43.1
42.6
43.1
45.2
42.9
42.9
43.3
43.2
43.6
43.4
42.0
44.4
41.4
42.4
42.0
41.9
43.3
43.4
43.5
43.4
43.9
43.7
43.4
43.6
44.0
43.9
43.0
44.2
43.6
43.5
42.9
44.0
43.8
43.8
44.0
42.7
42.5
42.5
43.1
44.0
36.5
43.4
43.2
43.1
43.2
42.9
42.9
43.1
43.2
41.5
43.3
43.3
44.7
43.1

2X-C
35.8
36.2
34.2
32.3
38.9
39.1
38.4
38.1
39.4
37.1
39.3
38.5
39.1
39.2
39.8
39.8
39.7
39.4
39.4
40.3
37.3
40.6
38.0
38.5
38.4
42.2
38.4
38.6
39.2
38.3
38.2
38.3
38.7
37.8
38.3
38.6
38.0
38.2
38.9
38.2
38.4
38.4
38.8
38.1
44.9
39.4
39.1
38.9
39.1
38.4
38.5
37.9
39.6
40.0
40.1
41.2
41.6
40.4

2X-U
64.2
63.8
65.8
67.7
61.1
60.9
61.6
61.9
60.6
62.9
60.7
61.5
60.9
60.8
60.2
60.2
60.3
60.6
60.6
59.7
62.7
59.4
62.0
61.5
61.6
57.8
61.6
61.4
60.8
61.7
61.8
61.7
61.3
62.2
61.7
61.4
62.0
61.8
61.1
61.8
61.6
61.6
61.2
61.9
55.1
60.6
60.9
61.1
60.9
61.6
61.5
62.1
60.4
60.0
59.9
58.8
58.4
59.6

RsiJX2021D
RsJX2021AC
RsJX2021C
RsJX2021G
RsJX2021J
RsJX2021K
RsJX2021N
RsJX2021O
RsJX2021P
RsKMC6
RspHB2020E
RspSC2018
RsSHC014
RstYN03
RstYN09
RsYN2016A
RsYN2020C
Rt17DN420
Rt21LC92
Rt22CB395
Rt22DB31
Rt22LC378
Rt22QB78
Rt22QB8
Rt22QT124
Rt22SL115
Rt22SL9
SARS-CoV
Rp22DB159
RpHN2021A
RpHN2021G
RpJCC9
RpPrC31
RpVZC45
RpVZXC21
RpYN2021
MjGuangdong
MjGuangxi
Ra22QT77
RacCS203
RaTG13
RmaBANAL236
RmBANAL247
RmBANAL52
RmYN02
RpBANAL103
RpYN06
RshSTT200
SARS-CoV-2
Rc-o319
Rckw8
Ra7909
RstYN04

4X-A
28.5
27.5
27.7
27.8
28.5
27.8
28.7
27.7
27.7
28.5
27.5
27.5
29.3
28.4
28.1
28.9
28.7
27.9
28.7
29.0
28.6
28.7
28.2
28.2
28.5
28.9
29.3
28.6
29.2
29.0
28.7
29.0
29.3
28.5
28.6
28.7
29.9
30.0
29.1
29.1
29.2
29.3
28.7
28.9
29.2
29.6
28.9
29.3
29.0
31.1
31.7
24.1
24.4

4X-C
16.7
17.0
16.8
16.2
16.3
16.1
16.2
16.1
15.8
16.1
16.5
17.0
16.8
16.5
16.3
16.8
17.0
14.9
16.1
16.6
16.7
16.5
16.2
15.7
15.9
16.2
16.6
16.6
14.5
14.8
14.4
14.4
14.5
14.2
14.5
14.8
13.6
13.8
14.0
14.2
13.5
13.4
13.7
13.3
13.8
13.5
14.0
13.8
13.7
16.1
16.0
19.1
19.2

4X-G
8.9
9.4
9.3
9.5
9.3
9.4
9.0
9.9
9.8
8.9
9.4
9.6
8.2
8.6
8.7
8.3
8.6
8.9
8.9
8.6
8.6
8.7
8.6
8.7
8.6
8.7
8.2
8.4
7.1
7.6
7.8
7.7
7.2
8.0
7.8
7.6
6.2
6.7
6.6
6.9
6.4
6.5
7.0
6.5
6.9
6.4
6.5
6.4
6.5
8.6
8.7
9.8
9.6

4X-U
45.9
46.0
46.2
46.5
45.9
46.8
46.1
46.3
46.7
46.4
46.6
46.0
45.7
46.5
46.9
45.9
45.7
48.2
46.3
45.8
46.1
46.1
47.0
47.4
47.1
46.2
45.9
46.4
49.2
48.7
49.1
48.9
49.0
49.3
49.1
48.9
50.3
49.4
50.4
49.8
50.9
50.8
50.5
51.2
50.1
50.6
50.7
50.6
50.9
44.2
43.6
47.0
46.8

2X-A
55.9
55.9
56.7
56.7
56.2
56.1
57.4
56.3
55.9
56.3
57.7
56.7
56.5
57.0
56.9
56.6
56.5
59.6
57.6
57.6
56.8
56.7
57.3
57.6
57.9
57.7
56.9
56.0
64.6
62.4
62.2
63.4
63.5
61.7
62.5
62.7
67.6
67.5
68.8
66.7
67.1
67.8
68.0
67.9
67.4
67.6
67.3
68.5
67.8
59.6
59.4
57.9
57.7

2X-C
44.1
44.1
43.3
43.3
43.8
43.9
42.6
43.7
44.1
43.7
42.3
43.3
43.5
43.0
43.1
43.4
43.5
40.4
42.4
42.4
43.2
43.3
42.7
42.4
42.1
42.3
43.1
44.0
35.4
37.6
37.8
36.6
36.5
38.3
37.5
37.3
32.4
32.5
31.2
33.3
32.9
32.2
32.0
32.1
32.6
32.5
32.7
31.5
32.2
40.4
40.6
42.1
42.3

2X-G
39.3
37.6
39.2
37.6
38.3
37.4
38.1
38.3
38.0
38.2
37.4
37.3
38.8
38.4
37.2
38.8
38.9
30.7
39.3
39.4
38.1
38.8
34.9
34.9
34.4
37.1
37.3
37.8
33.5
33.2
35.1
34.5
33.8
33.6
33.9
34.3
33.9
34.7
31.5
32.9
32.4
32.7
32.3
32.8
32.1
32.9
32.4
31.9
31.6
38.7
38.8
32.6
32.8

2X-U
60.7
62.4
60.8
62.4
61.7
62.6
61.9
61.7
62.0
61.8
62.6
62.7
61.2
61.6
62.8
61.2
61.1
69.3
60.7
60.6
61.9
61.2
65.1
65.2
65.6
62.9
62.7
62.2
66.5
66.8
64.9
65.5
66.2
66.4
66.1
65.7
66.1
65.3
68.5
67.1
67.6
67.3
67.7
67.2
67.9
67.1
67.6
68.1
68.4
61.3
61.2
67.4
67.2
