Genome A-Genome B numsilent	SDMs/SNPs-actual SDMs/SNPs-simulated
1-0 1424 0.022 0.008
2-0 1424 0.022 0.007
2-1 0 NaN NaN
3-0 1423 0.022 0.012
3-1 0 0.000 NaN
3-2 0 0.000 NaN
4-0 1424 0.022 0.010
4-1 1 0.000 0.000
4-2 1 0.000 0.000
4-3 1 0.000 0.000
5-0 883 0.039 0.012
5-1 1447 0.033 0.006
5-2 1447 0.033 0.009
5-3 1446 0.033 0.013
5-4 1446 0.033 0.010
6-0 848 0.044 0.005
6-1 1443 0.028 0.006
6-2 1443 0.028 0.005
6-3 1442 0.028 0.010
6-4 1442 0.028 0.007
6-5 370 0.023 0.000
7-0 763 0.016 0.001
7-1 1450 0.024 0.007
7-2 1450 0.024 0.008
7-3 1449 0.024 0.005
7-4 1449 0.024 0.010
7-5 363 0.071 0.000
7-6 448 0.054 0.002
8-0 948 0.023 0.004
8-1 1464 0.028 0.008
8-2 1464 0.028 0.004
8-3 1464 0.028 0.005
8-4 1465 0.028 0.004
8-5 1021 0.050 0.004
8-6 1054 0.050 0.003
8-7 983 0.032 0.005
9-0 1028 0.112 0.004
9-1 1518 0.092 0.009
9-2 1518 0.092 0.006
9-3 1517 0.092 0.006
9-4 1518 0.091 0.004
9-5 982 0.100 0.005
9-6 1023 0.101 0.003
9-7 1006 0.111 0.007
9-8 1131 0.105 0.007
10-0 983 0.181 0.003
10-1 1458 0.139 0.009
10-2 1458 0.139 0.004
10-3 1457 0.139 0.004
10-4 1458 0.139 0.004
10-5 679 0.226 0.003
10-6 726 0.216 0.003
10-7 675 0.228 0.003
10-8 1128 0.162 0.004
10-9 965 0.158 0.003
11-0 978 0.179 0.005
11-1 1460 0.136 0.007
11-2 1460 0.136 0.005
11-3 1459 0.136 0.005
11-4 1460 0.135 0.005
11-5 678 0.227 0.003
11-6 721 0.218 0.000
11-7 674 0.230 0.002
11-8 1124 0.163 0.002
11-9 963 0.155 0.007
11-10 17 0.000 0.000
12-0 1504 0.095 0.006
12-1 1533 0.101 0.006
12-2 1533 0.101 0.006
12-3 1532 0.101 0.008
12-4 1533 0.101 0.006
12-5 1492 0.102 0.004
12-6 1537 0.107 0.002
12-7 1511 0.100 0.005
12-8 1524 0.104 0.006
12-9 1524 0.094 0.006
12-10 1327 0.072 0.013
12-11 1327 0.070 0.006
13-0 1436 0.081 0.008
13-1 1475 0.083 0.007
13-2 1475 0.083 0.009
13-3 1474 0.083 0.008
13-4 1475 0.082 0.012
13-5 1427 0.083 0.012
13-6 1473 0.089 0.010
13-7 1447 0.082 0.007
13-8 1460 0.090 0.006
13-9 1467 0.083 0.007
13-10 1299 0.073 0.011
13-11 1300 0.071 0.010
13-12 7 0.056 0.000
14-0 1478 0.090 0.007
14-1 1513 0.090 0.006
14-2 1513 0.090 0.006
14-3 1512 0.090 0.006
14-4 1513 0.090 0.008
14-5 1472 0.093 0.007
14-6 1517 0.098 0.008
14-7 1493 0.091 0.007
14-8 1497 0.097 0.006
14-9 1523 0.088 0.007
14-10 1315 0.078 0.011
14-11 1316 0.076 0.006
14-12 3 0.636 0.000
14-13 5 0.533 0.000
15-0 1561 0.114 0.004
15-1 1595 0.118 0.007
15-2 1595 0.118 0.012
15-3 1594 0.118 0.005
15-4 1595 0.117 0.011
15-5 1550 0.117 0.007
15-6 1594 0.122 0.009
15-7 1568 0.117 0.007
15-8 1584 0.121 0.011
15-9 1595 0.100 0.006
15-10 1342 0.071 0.006
15-11 1342 0.069 0.002
15-12 3 0.067 0.000
15-13 6 0.071 0.000
15-14 2 0.875 0.000
16-0 1437 0.102 0.010
16-1 1481 0.108 0.006
16-2 1481 0.108 0.012
16-3 1480 0.108 0.011
16-4 1481 0.107 0.008
16-5 1427 0.102 0.005
16-6 1469 0.109 0.005
16-7 1450 0.104 0.008
16-8 1455 0.111 0.006
16-9 1465 0.087 0.006
16-10 1307 0.080 0.004
16-11 1307 0.078 0.011
16-12 4 0.188 0.000
16-13 5 0.083 0.000
16-14 2 1.000 0.000
16-15 3 0.647 0.000
17-0 1374 0.085 0.008
17-1 1666 0.076 0.014
17-2 1666 0.076 0.011
17-3 1665 0.076 0.011
17-4 1666 0.075 0.013
17-5 1340 0.074 0.013
17-6 1343 0.077 0.012
17-7 1360 0.085 0.013
17-8 1442 0.083 0.010
17-9 1192 0.076 0.005
17-10 1346 0.130 0.010
17-11 1344 0.129 0.012
17-12 1659 0.094 0.013
17-13 1655 0.090 0.015
17-14 1652 0.092 0.017
17-15 1672 0.095 0.014
17-16 1625 0.090 0.016
18-0 1947 0.113 0.006
18-1 2293 0.100 0.012
18-2 2293 0.100 0.012
18-3 2292 0.100 0.011
18-4 2293 0.100 0.010
18-5 1911 0.104 0.015
18-6 1878 0.107 0.007
18-7 1904 0.113 0.010
18-8 2027 0.112 0.011
18-9 1606 0.077 0.008
18-10 1904 0.138 0.009
18-11 1898 0.137 0.009
18-12 2239 0.107 0.016
18-13 2185 0.099 0.013
18-14 2239 0.103 0.009
18-15 2302 0.111 0.011
18-16 2182 0.105 0.007
18-17 106 0.023 0.000
19-0 2170 0.111 0.010
19-1 2496 0.095 0.009
19-2 2496 0.095 0.010
19-3 2495 0.095 0.008
19-4 2496 0.095 0.012
19-5 2112 0.106 0.008
19-6 2124 0.104 0.011
19-7 2114 0.113 0.011
19-8 2159 0.109 0.012
19-9 1889 0.072 0.009
19-10 2113 0.138 0.009
19-11 2112 0.137 0.010
19-12 2388 0.109 0.011
19-13 2331 0.102 0.010
19-14 2390 0.103 0.017
19-15 2451 0.112 0.014
19-16 2327 0.105 0.007
19-17 488 0.043 0.005
19-18 723 0.035 0.003
20-0 2231 0.113 0.011
20-1 2530 0.099 0.011
20-2 2530 0.099 0.010
20-3 2529 0.099 0.013
20-4 2530 0.099 0.013
20-5 2199 0.102 0.008
20-6 2214 0.104 0.009
20-7 2212 0.113 0.008
20-8 2225 0.108 0.011
20-9 1971 0.076 0.007
20-10 2202 0.132 0.009
20-11 2198 0.132 0.009
20-12 2442 0.109 0.010
20-13 2389 0.104 0.014
20-14 2442 0.107 0.016
20-15 2505 0.114 0.009
20-16 2383 0.108 0.012
20-17 759 0.057 0.003
20-18 1091 0.049 0.008
20-19 1101 0.044 0.006
21-0 1945 0.073 0.011
21-1 2401 0.063 0.015
21-2 2401 0.063 0.009
21-3 2400 0.063 0.013
21-4 2401 0.063 0.012
21-5 1968 0.080 0.011
21-6 2008 0.079 0.010
21-7 1908 0.073 0.011
21-8 1955 0.077 0.014
21-9 2128 0.114 0.010
21-10 2113 0.150 0.010
21-11 2112 0.149 0.011
21-12 2370 0.112 0.017
21-13 2305 0.103 0.016
21-14 2356 0.108 0.013
21-15 2434 0.123 0.014
21-16 2308 0.116 0.014
21-17 537 0.086 0.002
21-18 1119 0.118 0.003
21-19 880 0.143 0.001
21-20 1311 0.105 0.008
22-0 1896 0.075 0.011
22-1 2353 0.067 0.010
22-2 2353 0.067 0.013
22-3 2352 0.067 0.013
22-4 2353 0.067 0.010
22-5 1931 0.081 0.007
22-6 1947 0.079 0.009
22-7 1854 0.074 0.005
22-8 1884 0.079 0.010
22-9 2084 0.113 0.012
22-10 2050 0.150 0.012
22-11 2050 0.149 0.014
22-12 2332 0.115 0.009
22-13 2266 0.105 0.006
22-14 2316 0.110 0.020
22-15 2394 0.125 0.008
22-16 2267 0.118 0.010
22-17 734 0.072 0.003
22-18 1229 0.111 0.009
22-19 963 0.129 0.004
22-20 1233 0.120 0.004
22-21 583 0.044 0.004
23-0 2518 0.109 0.013
23-1 2655 0.103 0.020
23-2 2655 0.103 0.016
23-3 2653 0.103 0.014
23-4 2655 0.103 0.013
23-5 2473 0.102 0.016
23-6 2488 0.097 0.014
23-7 2496 0.111 0.012
23-8 2541 0.105 0.016
23-9 2344 0.077 0.013
23-10 2479 0.129 0.017
23-11 2484 0.127 0.011
23-12 2545 0.110 0.012
23-13 2489 0.106 0.014
23-14 2534 0.109 0.017
23-15 2601 0.113 0.018
23-16 2481 0.110 0.010
23-17 1264 0.043 0.007
23-18 1683 0.048 0.009
23-19 1538 0.044 0.008
23-20 1661 0.043 0.008
23-21 1764 0.092 0.010
23-22 1826 0.092 0.013
24-0 2599 0.111 0.016
24-1 2763 0.104 0.011
24-2 2763 0.104 0.016
24-3 2761 0.104 0.017
24-4 2763 0.103 0.013
24-5 2552 0.104 0.011
24-6 2555 0.102 0.016
24-7 2577 0.112 0.017
24-8 2603 0.109 0.018
24-9 2394 0.079 0.016
24-10 2548 0.136 0.016
24-11 2545 0.135 0.014
24-12 2620 0.111 0.011
24-13 2550 0.105 0.012
24-14 2608 0.108 0.016
24-15 2678 0.114 0.014
24-16 2549 0.110 0.014
24-17 1198 0.049 0.006
24-18 1623 0.054 0.008
24-19 1474 0.048 0.015
24-20 1581 0.047 0.012
24-21 1730 0.098 0.012
24-22 1791 0.102 0.011
24-23 540 0.013 0.000
25-0 2600 0.106 0.008
25-1 2741 0.100 0.012
25-2 2741 0.100 0.010
25-3 2739 0.100 0.014
25-4 2741 0.100 0.009
25-5 2531 0.101 0.014
25-6 2543 0.097 0.011
25-7 2567 0.108 0.009
25-8 2599 0.109 0.009
25-9 2374 0.076 0.012
25-10 2539 0.127 0.010
25-11 2535 0.126 0.010
25-12 2592 0.111 0.013
25-13 2537 0.104 0.007
25-14 2584 0.107 0.010
25-15 2653 0.113 0.009
25-16 2533 0.108 0.017
25-17 1149 0.047 0.006
25-18 1576 0.049 0.009
25-19 1396 0.045 0.010
25-20 1517 0.046 0.007
25-21 1687 0.102 0.006
25-22 1716 0.106 0.006
25-23 899 0.030 0.004
25-24 775 0.030 0.003
26-0 2602 0.106 0.013
26-1 2742 0.100 0.011
26-2 2742 0.100 0.012
26-3 2740 0.100 0.015
26-4 2742 0.100 0.013
26-5 2532 0.101 0.011
26-6 2544 0.097 0.014
26-7 2567 0.108 0.008
26-8 2599 0.109 0.010
26-9 2375 0.076 0.011
26-10 2538 0.127 0.013
26-11 2534 0.126 0.015
26-12 2591 0.111 0.016
26-13 2536 0.104 0.011
26-14 2583 0.107 0.012
26-15 2652 0.113 0.008
26-16 2532 0.108 0.014
26-17 1149 0.047 0.003
26-18 1577 0.049 0.009
26-19 1397 0.045 0.004
26-20 1518 0.046 0.006
26-21 1687 0.102 0.009
26-22 1716 0.106 0.007
26-23 899 0.030 0.005
26-24 776 0.030 0.003
26-25 1 0.000 0.000
27-0 2582 0.104 0.015
27-1 2706 0.100 0.013
27-2 2706 0.100 0.012
27-3 2704 0.100 0.009
27-4 2706 0.100 0.008
27-5 2503 0.099 0.011
27-6 2522 0.096 0.008
27-7 2556 0.104 0.009
27-8 2588 0.105 0.010
27-9 2347 0.075 0.013
27-10 2511 0.124 0.010
27-11 2509 0.122 0.009
27-12 2577 0.110 0.013
27-13 2517 0.104 0.014
27-14 2571 0.107 0.011
27-15 2643 0.113 0.010
27-16 2520 0.108 0.014
27-17 1123 0.048 0.006
27-18 1519 0.049 0.009
27-19 1359 0.040 0.005
27-20 1484 0.042 0.005
27-21 1679 0.100 0.010
27-22 1725 0.098 0.012
27-23 1121 0.037 0.013
27-24 1024 0.041 0.006
27-25 784 0.039 0.000
27-26 785 0.039 0.007
28-0 2590 0.104 0.013
28-1 2723 0.103 0.012
28-2 2723 0.103 0.012
28-3 2722 0.103 0.014
28-4 2723 0.103 0.013
28-5 2535 0.099 0.013
28-6 2557 0.095 0.014
28-7 2555 0.104 0.012
28-8 2582 0.102 0.013
28-9 2343 0.075 0.012
28-10 2546 0.124 0.013
28-11 2546 0.122 0.011
28-12 2581 0.114 0.015
28-13 2521 0.108 0.014
28-14 2577 0.111 0.009
28-15 2649 0.118 0.013
28-16 2518 0.111 0.009
28-17 1453 0.044 0.007
28-18 1894 0.051 0.012
28-19 1788 0.041 0.008
28-20 1887 0.051 0.007
28-21 2059 0.085 0.012
28-22 2075 0.087 0.006
28-23 1056 0.028 0.004
28-24 1255 0.030 0.007
28-25 1237 0.030 0.007
28-26 1238 0.030 0.003
28-27 1326 0.040 0.005
29-0 2575 0.106 0.009
29-1 2714 0.106 0.016
29-2 2714 0.106 0.012
29-3 2713 0.106 0.011
29-4 2714 0.105 0.013
29-5 2538 0.101 0.012
29-6 2559 0.097 0.016
29-7 2556 0.108 0.011
29-8 2589 0.104 0.010
29-9 2366 0.075 0.013
29-10 2555 0.128 0.013
29-11 2553 0.127 0.017
29-12 2604 0.118 0.017
29-13 2539 0.112 0.017
29-14 2597 0.114 0.012
29-15 2668 0.121 0.012
29-16 2541 0.115 0.008
29-17 1489 0.045 0.006
29-18 1937 0.049 0.008
29-19 1834 0.041 0.009
29-20 1947 0.046 0.009
29-21 2083 0.086 0.004
29-22 2106 0.088 0.009
29-23 1079 0.022 0.006
29-24 1291 0.023 0.006
29-25 1333 0.033 0.005
29-26 1334 0.033 0.008
29-27 1414 0.042 0.007
29-28 576 0.032 0.004
30-0 2298 0.052 0.012
30-1 2316 0.051 0.010
30-2 2316 0.051 0.014
30-3 2314 0.051 0.013
30-4 2316 0.051 0.011
30-5 2274 0.050 0.013
30-6 2268 0.049 0.012
30-7 2283 0.057 0.011
30-8 2295 0.058 0.011
30-9 2352 0.079 0.014
30-10 2318 0.125 0.019
30-11 2317 0.125 0.014
30-12 2286 0.088 0.011
30-13 2224 0.073 0.010
30-14 2271 0.080 0.010
30-15 2353 0.100 0.015
30-16 2219 0.090 0.012
30-17 2017 0.076 0.016
30-18 2720 0.099 0.016
30-19 2798 0.102 0.015
30-20 2831 0.104 0.020
30-21 2731 0.085 0.018
30-22 2699 0.088 0.017
30-23 2799 0.101 0.016
30-24 2880 0.100 0.021
30-25 2893 0.102 0.018
30-26 2893 0.102 0.018
30-27 2895 0.099 0.019
30-28 2877 0.097 0.013
30-29 2918 0.097 0.014
31-0 2266 0.051 0.013
31-1 2288 0.051 0.017
31-2 2288 0.051 0.010
31-3 2286 0.051 0.010
31-4 2288 0.051 0.013
31-5 2241 0.050 0.009
31-6 2237 0.049 0.013
31-7 2255 0.057 0.009
31-8 2262 0.058 0.013
31-9 2315 0.079 0.010
31-10 2279 0.121 0.012
31-11 2279 0.121 0.012
31-12 2251 0.087 0.008
31-13 2190 0.072 0.012
31-14 2234 0.079 0.009
31-15 2316 0.100 0.016
31-16 2185 0.089 0.010
31-17 1994 0.077 0.007
31-18 2677 0.099 0.010
31-19 2758 0.102 0.015
31-20 2779 0.104 0.009
31-21 2700 0.085 0.012
31-22 2671 0.088 0.016
31-23 2744 0.102 0.016
31-24 2827 0.101 0.015
31-25 2840 0.103 0.014
31-26 2840 0.103 0.015
31-27 2847 0.099 0.016
31-28 2824 0.098 0.011
31-29 2863 0.097 0.013
31-30 4 0.000 0.000
32-0 2288 0.051 0.013
32-1 2302 0.051 0.014
32-2 2302 0.051 0.013
32-3 2300 0.051 0.015
32-4 2302 0.051 0.015
32-5 2261 0.050 0.015
32-6 2255 0.049 0.010
32-7 2272 0.057 0.009
32-8 2284 0.058 0.012
32-9 2338 0.079 0.014
32-10 2299 0.121 0.012
32-11 2299 0.122 0.016
32-12 2273 0.089 0.011
32-13 2211 0.073 0.014
32-14 2257 0.080 0.010
32-15 2339 0.101 0.011
32-16 2206 0.090 0.012
32-17 2010 0.077 0.010
32-18 2709 0.099 0.017
32-19 2787 0.103 0.017
32-20 2820 0.103 0.015
32-21 2720 0.085 0.016
32-22 2689 0.088 0.015
32-23 2782 0.102 0.016
32-24 2862 0.101 0.014
32-25 2875 0.103 0.017
32-26 2875 0.103 0.017
32-27 2879 0.099 0.018
32-28 2855 0.098 0.015
32-29 2895 0.098 0.015
32-30 3 0.000 0.000
32-31 3 0.000 0.000
33-0 2296 0.053 0.012
33-1 2313 0.052 0.013
33-2 2313 0.052 0.011
33-3 2311 0.052 0.012
33-4 2313 0.052 0.014
33-5 2271 0.051 0.013
33-6 2265 0.050 0.014
33-7 2280 0.058 0.015
33-8 2292 0.059 0.015
33-9 2349 0.080 0.015
33-10 2314 0.122 0.013
33-11 2314 0.122 0.011
33-12 2282 0.090 0.013
33-13 2220 0.075 0.019
33-14 2267 0.082 0.007
33-15 2349 0.102 0.015
33-16 2215 0.092 0.008
33-17 2016 0.078 0.009
33-18 2720 0.100 0.018
33-19 2797 0.103 0.017
33-20 2826 0.104 0.010
33-21 2728 0.086 0.014
33-22 2697 0.089 0.013
33-23 2795 0.103 0.015
33-24 2875 0.101 0.018
33-25 2886 0.103 0.013
33-26 2886 0.103 0.015
33-27 2892 0.100 0.016
33-28 2870 0.099 0.015
33-29 2912 0.098 0.017
33-30 5 0.167 0.000
33-31 5 0.154 0.000
33-32 2 0.250 0.000
34-0 1968 0.058 0.022
34-1 1973 0.056 0.020
34-2 1973 0.056 0.022
34-3 1971 0.056 0.024
34-4 1973 0.056 0.023
34-5 1931 0.052 0.024
34-6 1924 0.052 0.022
34-7 1943 0.060 0.026
34-8 1962 0.065 0.020
34-9 1999 0.087 0.025
34-10 1957 0.132 0.025
34-11 1954 0.132 0.025
34-12 1945 0.095 0.026
34-13 1878 0.078 0.023
34-14 1931 0.090 0.025
34-15 1994 0.108 0.029
34-16 1888 0.098 0.019
34-17 1732 0.084 0.019
34-18 2348 0.107 0.029
34-19 2424 0.111 0.028
34-20 2460 0.111 0.027
34-21 2370 0.093 0.028
34-22 2332 0.093 0.029
34-23 2423 0.112 0.026
34-24 2479 0.109 0.031
34-25 2502 0.112 0.031
34-26 2501 0.112 0.028
34-27 2482 0.109 0.028
34-28 2480 0.108 0.031
34-29 2525 0.108 0.031
34-30 7 0.581 0.000
34-31 8 0.581 0.000
34-32 6 0.667 0.000
34-33 4 0.696 0.000
35-0 3163 0.126 0.013
35-1 3212 0.124 0.014
35-2 3212 0.124 0.017
35-3 3210 0.124 0.016
35-4 3213 0.124 0.013
35-5 3161 0.135 0.013
35-6 3172 0.135 0.018
35-7 3187 0.131 0.014
35-8 3219 0.124 0.019
35-9 3166 0.146 0.017
35-10 3130 0.175 0.016
35-11 3125 0.175 0.014
35-12 3129 0.151 0.017
35-13 3081 0.146 0.014
35-14 3121 0.148 0.016
35-15 3198 0.159 0.016
35-16 3077 0.153 0.011
35-17 2560 0.142 0.014
35-18 3319 0.154 0.014
35-19 3341 0.155 0.015
35-20 3353 0.150 0.018
35-21 3310 0.146 0.017
35-22 3304 0.145 0.017
35-23 3270 0.152 0.015
35-24 3360 0.153 0.021
35-25 3302 0.153 0.017
35-26 3303 0.153 0.017
35-27 3344 0.146 0.015
35-28 3350 0.148 0.017
35-29 3367 0.149 0.013
35-30 3118 0.133 0.012
35-31 3061 0.135 0.013
35-32 3089 0.133 0.013
35-33 3110 0.135 0.016
35-34 2651 0.138 0.017
36-0 3159 0.125 0.019
36-1 3208 0.124 0.016
36-2 3208 0.124 0.018
36-3 3206 0.124 0.015
36-4 3209 0.124 0.020
36-5 3156 0.135 0.019
36-6 3167 0.134 0.017
36-7 3183 0.130 0.016
36-8 3213 0.124 0.016
36-9 3163 0.146 0.017
36-10 3126 0.174 0.013
36-11 3122 0.175 0.016
36-12 3126 0.151 0.013
36-13 3079 0.146 0.017
36-14 3118 0.148 0.018
36-15 3195 0.159 0.017
36-16 3074 0.153 0.015
36-17 2556 0.142 0.009
36-18 3317 0.154 0.021
36-19 3335 0.155 0.013
36-20 3348 0.150 0.018
36-21 3305 0.146 0.015
36-22 3298 0.145 0.015
36-23 3264 0.152 0.016
36-24 3354 0.153 0.015
36-25 3296 0.153 0.019
36-26 3297 0.153 0.014
36-27 3338 0.146 0.016
36-28 3344 0.148 0.016
36-29 3360 0.149 0.016
36-30 3114 0.133 0.017
36-31 3057 0.135 0.017
36-32 3085 0.133 0.018
36-33 3106 0.135 0.020
36-34 2648 0.138 0.014
36-35 0 0.000 NaN
37-0 3163 0.125 0.014
37-1 3214 0.124 0.016
37-2 3214 0.124 0.014
37-3 3212 0.124 0.012
37-4 3215 0.124 0.014
37-5 3162 0.136 0.011
37-6 3173 0.135 0.013
37-7 3188 0.131 0.016
37-8 3225 0.125 0.020
37-9 3167 0.147 0.014
37-10 3131 0.175 0.014
37-11 3127 0.176 0.011
37-12 3131 0.151 0.019
37-13 3083 0.146 0.014
37-14 3123 0.148 0.014
37-15 3200 0.159 0.015
37-16 3079 0.153 0.018
37-17 2561 0.143 0.009
37-18 3322 0.154 0.017
37-19 3342 0.155 0.018
37-20 3351 0.150 0.016
37-21 3310 0.147 0.012
37-22 3302 0.146 0.014
37-23 3270 0.153 0.012
37-24 3360 0.154 0.015
37-25 3302 0.153 0.014
37-26 3303 0.153 0.015
37-27 3345 0.146 0.014
37-28 3350 0.148 0.016
37-29 3367 0.150 0.015
37-30 3123 0.133 0.017
37-31 3066 0.135 0.013
37-32 3094 0.134 0.014
37-33 3115 0.135 0.009
37-34 2653 0.138 0.014
37-35 10 0.000 0.000
37-36 10 0.000 0.000
38-0 3162 0.124 0.012
38-1 3212 0.124 0.015
38-2 3212 0.124 0.012
38-3 3210 0.124 0.015
38-4 3213 0.124 0.009
38-5 3161 0.135 0.014
38-6 3172 0.134 0.014
38-7 3187 0.130 0.014
38-8 3221 0.124 0.009
38-9 3165 0.146 0.011
38-10 3130 0.175 0.013
38-11 3126 0.175 0.013
38-12 3129 0.151 0.014
38-13 3081 0.146 0.014
38-14 3121 0.148 0.016
38-15 3198 0.160 0.015
38-16 3077 0.153 0.016
38-17 2563 0.142 0.009
38-18 3321 0.154 0.017
38-19 3343 0.155 0.013
38-20 3351 0.150 0.013
38-21 3311 0.146 0.017
38-22 3304 0.145 0.016
38-23 3270 0.153 0.017
38-24 3360 0.154 0.017
38-25 3302 0.153 0.013
38-26 3303 0.153 0.018
38-27 3344 0.146 0.016
38-28 3351 0.148 0.015
38-29 3368 0.150 0.013
38-30 3117 0.133 0.013
38-31 3060 0.135 0.015
38-32 3088 0.133 0.014
38-33 3109 0.135 0.012
38-34 2648 0.138 0.012
38-35 6 0.000 0.000
38-36 6 0.000 0.000
38-37 6 0.000 0.000
39-0 3162 0.124 0.015
39-1 3214 0.123 0.018
39-2 3214 0.123 0.012
39-3 3212 0.123 0.012
39-4 3215 0.123 0.015
39-5 3163 0.135 0.015
39-6 3174 0.133 0.014
39-7 3187 0.130 0.012
39-8 3223 0.123 0.017
39-9 3166 0.145 0.019
39-10 3131 0.174 0.018
39-11 3127 0.175 0.015
39-12 3130 0.150 0.019
39-13 3082 0.146 0.019
39-14 3122 0.147 0.019
39-15 3199 0.159 0.014
39-16 3078 0.152 0.017
39-17 2562 0.142 0.014
39-18 3322 0.153 0.010
39-19 3345 0.155 0.017
39-20 3354 0.149 0.013
39-21 3309 0.146 0.014
39-22 3302 0.144 0.014
39-23 3270 0.153 0.019
39-24 3361 0.154 0.015
39-25 3303 0.153 0.016
39-26 3304 0.153 0.011
39-27 3345 0.146 0.017
39-28 3352 0.148 0.018
39-29 3368 0.150 0.015
39-30 3119 0.133 0.017
39-31 3062 0.134 0.014
39-32 3091 0.133 0.014
39-33 3111 0.134 0.013
39-34 2649 0.138 0.010
39-35 8 0.000 0.000
39-36 8 0.000 0.000
39-37 6 0.000 0.000
39-38 2 0.000 0.000
40-0 3165 0.124 0.013
40-1 3217 0.123 0.014
40-2 3217 0.123 0.013
40-3 3215 0.123 0.013
40-4 3218 0.123 0.015
40-5 3165 0.135 0.014
40-6 3174 0.134 0.012
40-7 3192 0.130 0.015
40-8 3225 0.124 0.014
40-9 3168 0.146 0.014
40-10 3134 0.174 0.016
40-11 3130 0.175 0.015
40-12 3133 0.150 0.017
40-13 3085 0.145 0.016
40-14 3125 0.147 0.017
40-15 3202 0.159 0.014
40-16 3081 0.152 0.018
40-17 2562 0.142 0.015
40-18 3322 0.153 0.017
40-19 3345 0.155 0.017
40-20 3353 0.150 0.016
40-21 3312 0.146 0.017
40-22 3305 0.145 0.015
40-23 3271 0.152 0.020
40-24 3361 0.153 0.014
40-25 3303 0.153 0.013
40-26 3304 0.153 0.016
40-27 3347 0.146 0.016
40-28 3351 0.148 0.018
40-29 3367 0.150 0.010
40-30 3122 0.133 0.014
40-31 3065 0.134 0.011
40-32 3093 0.133 0.013
40-33 3114 0.134 0.013
40-34 2653 0.138 0.013
40-35 10 0.000 0.000
40-36 10 0.000 0.000
40-37 8 0.000 0.000
40-38 6 0.000 0.000
40-39 6 0.000 0.000
41-0 2845 0.130 0.021
41-1 2892 0.128 0.018
41-2 2892 0.128 0.019
41-3 2890 0.128 0.022
41-4 2893 0.128 0.023
41-5 2841 0.141 0.020
41-6 2857 0.141 0.016
41-7 2869 0.136 0.017
41-8 2902 0.129 0.022
41-9 2847 0.150 0.018
41-10 2833 0.180 0.015
41-11 2831 0.181 0.019
41-12 2819 0.159 0.018
41-13 2778 0.154 0.018
41-14 2811 0.155 0.018
41-15 2882 0.166 0.017
41-16 2770 0.159 0.018
41-17 2319 0.151 0.017
41-18 3000 0.160 0.017
41-19 3021 0.161 0.018
41-20 3047 0.156 0.016
41-21 2982 0.152 0.017
41-22 2979 0.148 0.019
41-23 2951 0.159 0.021
41-24 3032 0.161 0.020
41-25 2973 0.161 0.018
41-26 2974 0.161 0.019
41-27 3021 0.154 0.017
41-28 3013 0.156 0.020
41-29 3021 0.156 0.019
41-30 2804 0.136 0.018
41-31 2766 0.136 0.018
41-32 2791 0.136 0.018
41-33 2799 0.137 0.017
41-34 2368 0.140 0.017
41-35 11 0.295 0.000
41-36 11 0.302 0.000
41-37 10 0.310 0.000
41-38 8 0.333 0.000
41-39 8 0.342 0.000
41-40 10 0.295 0.000
42-0 3484 0.215 0.021
42-1 3529 0.217 0.020
42-2 3529 0.217 0.024
42-3 3527 0.217 0.019
42-4 3530 0.217 0.023
42-5 3526 0.213 0.022
42-6 3526 0.215 0.020
42-7 3509 0.219 0.020
42-8 3543 0.212 0.020
42-9 3479 0.217 0.023
42-10 3453 0.224 0.024
42-11 3459 0.224 0.021
42-12 3436 0.219 0.017
42-13 3374 0.218 0.015
42-14 3419 0.220 0.019
42-15 3491 0.225 0.023
42-16 3376 0.220 0.018
42-17 2742 0.201 0.013
42-18 3494 0.211 0.020
42-19 3530 0.209 0.018
42-20 3505 0.207 0.023
42-21 3529 0.214 0.021
42-22 3481 0.211 0.019
42-23 3383 0.211 0.016
42-24 3503 0.207 0.017
42-25 3517 0.208 0.023
42-26 3517 0.208 0.019
42-27 3516 0.209 0.022
42-28 3504 0.206 0.019
42-29 3495 0.203 0.020
42-30 3547 0.219 0.016
42-31 3486 0.219 0.017
42-32 3534 0.218 0.016
42-33 3549 0.219 0.023
42-34 3007 0.215 0.019
42-35 3590 0.214 0.025
42-36 3586 0.214 0.015
42-37 3592 0.214 0.023
42-38 3592 0.215 0.024
42-39 3593 0.214 0.021
42-40 3596 0.214 0.022
42-41 3265 0.219 0.014
43-0 3462 0.219 0.022
43-1 3501 0.219 0.020
43-2 3501 0.219 0.021
43-3 3500 0.219 0.020
43-4 3500 0.219 0.019
43-5 3530 0.217 0.020
43-6 3525 0.217 0.019
43-7 3498 0.220 0.024
43-8 3513 0.215 0.022
43-9 3467 0.220 0.020
43-10 3452 0.226 0.021
43-11 3455 0.226 0.019
43-12 3439 0.221 0.014
43-13 3393 0.218 0.020
43-14 3425 0.222 0.016
43-15 3500 0.227 0.017
43-16 3390 0.222 0.014
43-17 2712 0.201 0.012
43-18 3461 0.215 0.020
43-19 3503 0.212 0.022
43-20 3497 0.212 0.019
43-21 3494 0.220 0.018
43-22 3459 0.217 0.020
43-23 3360 0.216 0.019
43-24 3490 0.212 0.019
43-25 3475 0.214 0.025
43-26 3475 0.214 0.021
43-27 3475 0.215 0.021
43-28 3503 0.210 0.025
43-29 3498 0.207 0.020
43-30 3539 0.224 0.017
43-31 3478 0.224 0.014
43-32 3526 0.224 0.018
43-33 3541 0.225 0.023
43-34 2995 0.218 0.017
43-35 3574 0.214 0.019
43-36 3570 0.214 0.020
43-37 3575 0.215 0.019
43-38 3575 0.215 0.023
43-39 3577 0.214 0.019
43-40 3576 0.214 0.027
43-41 3238 0.220 0.012
43-42 973 0.051 0.003
44-0 3472 0.241 0.021
44-1 3536 0.241 0.018
44-2 3536 0.241 0.024
44-3 3535 0.240 0.020
44-4 3537 0.240 0.021
44-5 3531 0.236 0.023
44-6 3517 0.238 0.018
44-7 3498 0.241 0.018
44-8 3516 0.235 0.015
44-9 3502 0.239 0.019
44-10 3478 0.233 0.018
44-11 3484 0.233 0.021
44-12 3489 0.234 0.020
44-13 3419 0.233 0.017
44-14 3468 0.236 0.013
44-15 3541 0.240 0.018
44-16 3417 0.237 0.014
44-17 2735 0.223 0.009
44-18 3506 0.233 0.014
44-19 3539 0.230 0.013
44-20 3542 0.232 0.017
44-21 3498 0.237 0.021
44-22 3480 0.235 0.020
44-23 3420 0.233 0.014
44-24 3532 0.229 0.017
44-25 3528 0.231 0.020
44-26 3530 0.231 0.020
44-27 3516 0.230 0.026
44-28 3545 0.228 0.022
44-29 3521 0.227 0.021
44-30 3580 0.243 0.018
44-31 3515 0.241 0.015
44-32 3563 0.240 0.012
44-33 3580 0.242 0.020
44-34 3031 0.241 0.015
44-35 3608 0.237 0.018
44-36 3603 0.237 0.016
44-37 3608 0.237 0.025
44-38 3609 0.238 0.020
44-39 3610 0.237 0.022
44-40 3612 0.237 0.019
44-41 3282 0.238 0.011
44-42 940 0.057 0.006
44-43 731 0.074 0.004
45-0 3466 0.240 0.021
45-1 3498 0.241 0.019
45-2 3498 0.241 0.018
45-3 3497 0.241 0.019
45-4 3499 0.241 0.024
45-5 3538 0.236 0.019
45-6 3526 0.237 0.017
45-7 3513 0.240 0.021
45-8 3535 0.235 0.020
45-9 3483 0.239 0.024
45-10 3502 0.238 0.020
45-11 3507 0.238 0.022
45-12 3487 0.237 0.015
45-13 3416 0.234 0.016
45-14 3463 0.239 0.017
45-15 3542 0.243 0.023
45-16 3415 0.239 0.015
45-17 2713 0.227 0.011
45-18 3474 0.239 0.015
45-19 3524 0.237 0.024
45-20 3520 0.239 0.021
45-21 3497 0.241 0.022
45-22 3467 0.239 0.018
45-23 3414 0.241 0.011
45-24 3522 0.237 0.016
45-25 3521 0.240 0.023
45-26 3523 0.240 0.020
45-27 3499 0.240 0.020
45-28 3540 0.235 0.020
45-29 3519 0.235 0.019
45-30 3547 0.245 0.016
45-31 3483 0.243 0.015
45-32 3531 0.242 0.015
45-33 3547 0.243 0.025
45-34 3003 0.243 0.012
45-35 3562 0.237 0.017
45-36 3559 0.237 0.013
45-37 3566 0.237 0.019
45-38 3565 0.237 0.020
45-39 3565 0.237 0.020
45-40 3566 0.237 0.023
45-41 3230 0.240 0.013
45-42 1004 0.060 0.007
45-43 686 0.077 0.002
45-44 756 0.045 0.003
46-0 3605 0.292 0.018
46-1 3637 0.292 0.015
46-2 3637 0.292 0.016
46-3 3636 0.292 0.016
46-4 3637 0.292 0.018
46-5 3636 0.299 0.021
46-6 3629 0.298 0.018
46-7 3642 0.297 0.015
46-8 3638 0.291 0.015
46-9 3600 0.300 0.013
46-10 3587 0.306 0.015
46-11 3580 0.306 0.017
46-12 3514 0.303 0.016
46-13 3455 0.301 0.016
46-14 3504 0.301 0.016
46-15 3576 0.308 0.020
46-16 3459 0.299 0.022
46-17 3087 0.285 0.016
46-18 3862 0.298 0.019
46-19 3895 0.296 0.022
46-20 3890 0.294 0.018
46-21 3958 0.293 0.015
46-22 3914 0.295 0.020
46-23 3875 0.298 0.019
46-24 3928 0.305 0.024
46-25 3947 0.300 0.015
46-26 3950 0.300 0.017
46-27 3953 0.298 0.018
46-28 3967 0.303 0.017
46-29 3973 0.303 0.019
46-30 3626 0.297 0.021
46-31 3548 0.296 0.016
46-32 3608 0.295 0.023
46-33 3625 0.294 0.014
46-34 3031 0.294 0.013
46-35 3836 0.282 0.018
46-36 3831 0.281 0.015
46-37 3842 0.281 0.017
46-38 3841 0.280 0.021
46-39 3841 0.280 0.014
46-40 3842 0.281 0.019
46-41 3430 0.281 0.012
46-42 3933 0.309 0.017
46-43 3922 0.308 0.018
46-44 3962 0.323 0.015
46-45 3982 0.324 0.014
47-0 3605 0.292 0.017
47-1 3637 0.291 0.019
47-2 3637 0.291 0.020
47-3 3636 0.291 0.017
47-4 3637 0.291 0.018
47-5 3636 0.298 0.018
47-6 3629 0.298 0.021
47-7 3642 0.297 0.018
47-8 3638 0.290 0.019
47-9 3600 0.299 0.023
47-10 3587 0.306 0.020
47-11 3580 0.306 0.020
47-12 3514 0.303 0.019
47-13 3455 0.300 0.021
47-14 3504 0.301 0.020
47-15 3576 0.308 0.021
47-16 3459 0.299 0.020
47-17 3087 0.284 0.014
47-18 3862 0.298 0.018
47-19 3895 0.296 0.022
47-20 3890 0.294 0.021
47-21 3958 0.293 0.024
47-22 3914 0.295 0.021
47-23 3875 0.298 0.025
47-24 3928 0.305 0.021
47-25 3947 0.299 0.022
47-26 3950 0.299 0.020
47-27 3953 0.298 0.018
47-28 3967 0.302 0.022
47-29 3973 0.303 0.021
47-30 3626 0.297 0.025
47-31 3548 0.296 0.019
47-32 3608 0.294 0.024
47-33 3625 0.293 0.022
47-34 3031 0.294 0.015
47-35 3836 0.281 0.021
47-36 3831 0.281 0.021
47-37 3842 0.280 0.022
47-38 3841 0.280 0.020
47-39 3841 0.280 0.020
47-40 3842 0.281 0.017
47-41 3430 0.280 0.019
47-42 3934 0.308 0.023
47-43 3923 0.308 0.020
47-44 3963 0.323 0.022
47-45 3983 0.324 0.021
47-46 1 0.000 0.000
48-0 3605 0.292 0.021
48-1 3637 0.291 0.023
48-2 3637 0.291 0.023
48-3 3636 0.291 0.027
48-4 3637 0.291 0.021
48-5 3636 0.298 0.022
48-6 3629 0.298 0.022
48-7 3642 0.297 0.028
48-8 3638 0.290 0.022
48-9 3600 0.299 0.023
48-10 3587 0.306 0.018
48-11 3580 0.306 0.024
48-12 3514 0.303 0.019
48-13 3455 0.300 0.015
48-14 3504 0.301 0.022
48-15 3576 0.308 0.024
48-16 3459 0.299 0.018
48-17 3087 0.284 0.010
48-18 3862 0.298 0.018
48-19 3895 0.296 0.026
48-20 3890 0.294 0.025
48-21 3958 0.293 0.020
48-22 3914 0.295 0.025
48-23 3875 0.298 0.020
48-24 3928 0.305 0.023
48-25 3947 0.299 0.025
48-26 3950 0.299 0.022
48-27 3953 0.298 0.029
48-28 3967 0.302 0.028
48-29 3973 0.303 0.026
48-30 3626 0.297 0.019
48-31 3548 0.296 0.020
48-32 3608 0.294 0.016
48-33 3625 0.293 0.023
48-34 3031 0.294 0.022
48-35 3836 0.281 0.027
48-36 3831 0.281 0.022
48-37 3842 0.280 0.025
48-38 3841 0.280 0.025
48-39 3841 0.280 0.023
48-40 3842 0.281 0.022
48-41 3430 0.280 0.014
48-42 3934 0.308 0.026
48-43 3923 0.308 0.023
48-44 3963 0.323 0.022
48-45 3983 0.324 0.020
48-46 1 0.000 0.000
48-47 0 NaN NaN
49-0 3604 0.292 0.013
49-1 3636 0.292 0.017
49-2 3636 0.292 0.015
49-3 3635 0.291 0.017
49-4 3636 0.292 0.014
49-5 3635 0.299 0.017
49-6 3628 0.298 0.015
49-7 3641 0.297 0.015
49-8 3637 0.291 0.015
49-9 3599 0.300 0.016
49-10 3586 0.306 0.018
49-11 3579 0.306 0.012
49-12 3513 0.303 0.013
49-13 3454 0.301 0.015
49-14 3503 0.301 0.013
49-15 3575 0.308 0.016
49-16 3458 0.299 0.018
49-17 3088 0.285 0.016
49-18 3863 0.298 0.019
49-19 3896 0.296 0.015
49-20 3889 0.294 0.013
49-21 3959 0.293 0.017
49-22 3913 0.295 0.016
49-23 3876 0.298 0.020
49-24 3929 0.304 0.020
49-25 3948 0.299 0.016
49-26 3951 0.299 0.018
49-27 3954 0.298 0.017
49-28 3966 0.303 0.020
49-29 3974 0.303 0.014
49-30 3627 0.297 0.017
49-31 3549 0.296 0.022
49-32 3609 0.294 0.015
49-33 3626 0.294 0.012
49-34 3032 0.294 0.017
49-35 3837 0.281 0.016
49-36 3832 0.281 0.020
49-37 3843 0.280 0.014
49-38 3842 0.280 0.018
49-39 3842 0.280 0.015
49-40 3843 0.281 0.012
49-41 3431 0.280 0.016
49-42 3932 0.308 0.012
49-43 3923 0.308 0.015
49-44 3963 0.323 0.016
49-45 3983 0.323 0.016
49-46 2 0.000 0.000
49-47 1 0.000 0.000
49-48 1 0.000 0.000
50-0 3605 0.292 0.019
50-1 3640 0.291 0.018
50-2 3640 0.291 0.017
50-3 3639 0.291 0.017
50-4 3640 0.291 0.022
50-5 3634 0.298 0.021
50-6 3627 0.298 0.020
50-7 3640 0.297 0.022
50-8 3636 0.290 0.020
50-9 3598 0.299 0.019
50-10 3584 0.305 0.018
50-11 3577 0.306 0.018
50-12 3513 0.303 0.025
50-13 3454 0.301 0.017
50-14 3503 0.301 0.018
50-15 3575 0.308 0.018
50-16 3459 0.299 0.017
50-17 3088 0.284 0.020
50-18 3864 0.298 0.026
50-19 3897 0.296 0.018
50-20 3890 0.294 0.017
50-21 3959 0.292 0.018
50-22 3917 0.295 0.021
50-23 3876 0.298 0.021
50-24 3930 0.305 0.023
50-25 3949 0.299 0.015
50-26 3952 0.299 0.021
50-27 3955 0.298 0.018
50-28 3969 0.303 0.021
50-29 3975 0.303 0.019
50-30 3628 0.297 0.018
50-31 3550 0.296 0.023
50-32 3610 0.294 0.018
50-33 3627 0.293 0.015
50-34 3032 0.294 0.018
50-35 3837 0.281 0.020
50-36 3832 0.281 0.026
50-37 3843 0.280 0.018
50-38 3842 0.280 0.017
50-39 3842 0.280 0.018
50-40 3843 0.281 0.024
50-41 3431 0.280 0.019
50-42 3934 0.309 0.016
50-43 3923 0.308 0.016
50-44 3962 0.323 0.013
50-45 3982 0.324 0.024
50-46 4 0.000 0.000
50-47 3 0.000 0.000
50-48 3 0.000 0.000
50-49 4 0.000 0.000
51-0 3606 0.292 0.013
51-1 3637 0.291 0.018
51-2 3637 0.291 0.015
51-3 3636 0.291 0.014
51-4 3637 0.291 0.017
51-5 3637 0.299 0.018
51-6 3630 0.298 0.020
51-7 3643 0.297 0.014
51-8 3639 0.290 0.017
51-9 3601 0.299 0.015
51-10 3589 0.305 0.012
51-11 3582 0.306 0.013
51-12 3514 0.303 0.015
51-13 3455 0.301 0.018
51-14 3504 0.301 0.017
51-15 3576 0.308 0.017
51-16 3459 0.299 0.020
51-17 3086 0.285 0.013
51-18 3861 0.298 0.021
51-19 3894 0.296 0.012
51-20 3889 0.294 0.017
51-21 3957 0.293 0.022
51-22 3913 0.295 0.017
51-23 3873 0.298 0.018
51-24 3926 0.305 0.017
51-25 3945 0.300 0.020
51-26 3948 0.299 0.016
51-27 3951 0.298 0.016
51-28 3965 0.303 0.015
51-29 3971 0.303 0.016
51-30 3625 0.297 0.022
51-31 3547 0.296 0.016
51-32 3607 0.295 0.023
51-33 3624 0.294 0.016
51-34 3030 0.294 0.014
51-35 3835 0.281 0.018
51-36 3830 0.281 0.020
51-37 3841 0.280 0.016
51-38 3840 0.280 0.016
51-39 3840 0.280 0.012
51-40 3841 0.281 0.015
51-41 3429 0.280 0.015
51-42 3933 0.308 0.018
51-43 3922 0.308 0.014
51-44 3960 0.323 0.017
51-45 3980 0.324 0.017
51-46 2 0.000 0.000
51-47 1 0.000 0.000
51-48 1 0.000 0.000
51-49 2 0.000 0.000
51-50 4 0.000 0.000
52-0 3605 0.292 0.021
52-1 3637 0.291 0.016
52-2 3637 0.291 0.014
52-3 3636 0.291 0.015
52-4 3637 0.291 0.016
52-5 3636 0.298 0.021
52-6 3629 0.298 0.018
52-7 3642 0.297 0.017
52-8 3638 0.290 0.016
52-9 3600 0.299 0.018
52-10 3587 0.306 0.019
52-11 3580 0.306 0.020
52-12 3514 0.303 0.019
52-13 3455 0.300 0.017
52-14 3504 0.301 0.017
52-15 3576 0.308 0.015
52-16 3459 0.299 0.016
52-17 3087 0.284 0.018
52-18 3862 0.298 0.021
52-19 3895 0.296 0.016
52-20 3888 0.294 0.020
52-21 3958 0.293 0.021
52-22 3914 0.295 0.017
52-23 3875 0.298 0.018
52-24 3928 0.305 0.017
52-25 3947 0.299 0.019
52-26 3950 0.299 0.018
52-27 3953 0.298 0.017
52-28 3967 0.302 0.017
52-29 3973 0.303 0.018
52-30 3626 0.297 0.017
52-31 3548 0.296 0.016
52-32 3608 0.294 0.016
52-33 3625 0.293 0.021
52-34 3031 0.294 0.016
52-35 3837 0.281 0.021
52-36 3832 0.281 0.016
52-37 3843 0.280 0.017
52-38 3842 0.279 0.017
52-39 3842 0.280 0.021
52-40 3843 0.281 0.018
52-41 3431 0.280 0.016
52-42 3934 0.308 0.016
52-43 3923 0.308 0.016
52-44 3963 0.323 0.018
52-45 3983 0.324 0.019
52-46 3 0.000 0.000
52-47 2 0.000 0.000
52-48 2 0.000 0.000
52-49 3 0.000 0.000
52-50 5 0.000 0.000
52-51 3 0.000 0.000
53-0 3605 0.292 0.019
53-1 3637 0.291 0.015
53-2 3637 0.291 0.018
53-3 3636 0.291 0.015
53-4 3637 0.291 0.015
53-5 3636 0.298 0.021
53-6 3629 0.298 0.017
53-7 3642 0.297 0.014
53-8 3638 0.290 0.020
53-9 3600 0.299 0.021
53-10 3587 0.306 0.019
53-11 3580 0.306 0.015
53-12 3514 0.303 0.021
53-13 3455 0.300 0.019
53-14 3504 0.301 0.013
53-15 3576 0.308 0.017
53-16 3459 0.299 0.021
53-17 3087 0.284 0.014
53-18 3862 0.298 0.016
53-19 3895 0.296 0.016
53-20 3890 0.294 0.017
53-21 3958 0.293 0.018
53-22 3914 0.295 0.019
53-23 3875 0.298 0.019
53-24 3928 0.305 0.025
53-25 3947 0.299 0.018
53-26 3950 0.299 0.018
53-27 3953 0.298 0.019
53-28 3967 0.302 0.023
53-29 3973 0.303 0.019
53-30 3626 0.297 0.022
53-31 3548 0.296 0.016
53-32 3608 0.294 0.021
53-33 3625 0.293 0.012
53-34 3031 0.294 0.015
53-35 3836 0.281 0.024
53-36 3831 0.281 0.022
53-37 3842 0.280 0.020
53-38 3841 0.280 0.019
53-39 3841 0.280 0.023
53-40 3842 0.281 0.019
53-41 3430 0.280 0.014
53-42 3933 0.309 0.024
53-43 3922 0.308 0.015
53-44 3962 0.323 0.025
53-45 3982 0.324 0.021
53-46 1 0.000 0.000
53-47 0 0.000 NaN
53-48 0 0.000 NaN
53-49 1 0.000 0.000
53-50 3 0.000 0.000
53-51 1 0.000 0.000
53-52 2 0.000 0.000
54-0 3602 0.289 0.020
54-1 3635 0.289 0.022
54-2 3635 0.289 0.023
54-3 3634 0.289 0.024
54-4 3635 0.289 0.021
54-5 3621 0.301 0.017
54-6 3623 0.298 0.022
54-7 3628 0.296 0.019
54-8 3639 0.289 0.025
54-9 3604 0.303 0.022
54-10 3566 0.310 0.025
54-11 3559 0.310 0.022
54-12 3493 0.305 0.016
54-13 3433 0.302 0.020
54-14 3481 0.303 0.016
54-15 3556 0.311 0.020
54-16 3440 0.303 0.017
54-17 3063 0.285 0.013
54-18 3848 0.299 0.016
54-19 3884 0.299 0.025
54-20 3887 0.298 0.021
54-21 3942 0.293 0.026
54-22 3893 0.295 0.020
54-23 3861 0.301 0.023
54-24 3927 0.307 0.018
54-25 3941 0.303 0.021
54-26 3941 0.303 0.024
54-27 3946 0.303 0.022
54-28 3944 0.306 0.022
54-29 3952 0.306 0.024
54-30 3596 0.300 0.014
54-31 3516 0.299 0.018
54-32 3577 0.297 0.016
54-33 3594 0.296 0.014
54-34 3005 0.294 0.012
54-35 3827 0.283 0.022
54-36 3820 0.283 0.020
54-37 3833 0.282 0.024
54-38 3832 0.282 0.020
54-39 3832 0.282 0.023
54-40 3833 0.283 0.020
54-41 3433 0.283 0.014
54-42 3922 0.305 0.021
54-43 3910 0.306 0.019
54-44 3947 0.320 0.022
54-45 3956 0.320 0.021
54-46 352 0.042 0.000
54-47 351 0.043 0.003
54-48 351 0.043 0.000
54-49 352 0.043 0.006
54-50 352 0.043 0.000
54-51 352 0.042 0.003
54-52 353 0.043 0.000
54-53 351 0.043 0.000
55-0 3604 0.289 0.026
55-1 3638 0.289 0.027
55-2 3638 0.289 0.027
55-3 3637 0.289 0.020
55-4 3638 0.289 0.018
55-5 3623 0.301 0.020
55-6 3625 0.298 0.023
55-7 3630 0.296 0.022
55-8 3641 0.289 0.025
55-9 3606 0.303 0.021
55-10 3568 0.310 0.017
55-11 3561 0.310 0.022
55-12 3495 0.305 0.022
55-13 3435 0.302 0.015
55-14 3483 0.303 0.013
55-15 3558 0.311 0.021
55-16 3442 0.303 0.019
55-17 3065 0.285 0.013
55-18 3850 0.299 0.017
55-19 3886 0.299 0.026
55-20 3889 0.297 0.019
55-21 3944 0.293 0.021
55-22 3895 0.295 0.024
55-23 3863 0.301 0.025
55-24 3929 0.307 0.019
55-25 3943 0.303 0.024
55-26 3943 0.303 0.023
55-27 3948 0.303 0.019
55-28 3945 0.306 0.023
55-29 3954 0.306 0.021
55-30 3598 0.300 0.016
55-31 3518 0.298 0.012
55-32 3579 0.297 0.012
55-33 3596 0.296 0.022
55-34 3006 0.294 0.013
55-35 3828 0.283 0.022
55-36 3821 0.283 0.018
55-37 3834 0.282 0.026
55-38 3833 0.282 0.021
55-39 3833 0.282 0.021
55-40 3834 0.283 0.025
55-41 3434 0.283 0.016
55-42 3921 0.306 0.020
55-43 3910 0.307 0.023
55-44 3946 0.320 0.027
55-45 3956 0.320 0.023
55-46 354 0.042 0.000
55-47 353 0.042 0.000
55-48 353 0.042 0.000
55-49 354 0.042 0.003
55-50 354 0.042 0.000
55-51 354 0.042 0.003
55-52 355 0.042 0.000
55-53 353 0.042 0.003
55-54 2 0.000 0.000
56-0 3601 0.288 0.019
56-1 3634 0.288 0.022
56-2 3634 0.288 0.023
56-3 3633 0.288 0.021
56-4 3634 0.288 0.023
56-5 3620 0.300 0.020
56-6 3622 0.297 0.019
56-7 3627 0.295 0.021
56-8 3638 0.288 0.019
56-9 3603 0.302 0.021
56-10 3565 0.309 0.018
56-11 3558 0.309 0.021
56-12 3492 0.304 0.017
56-13 3432 0.302 0.010
56-14 3480 0.302 0.018
56-15 3555 0.310 0.022
56-16 3439 0.302 0.019
56-17 3062 0.284 0.015
56-18 3847 0.298 0.018
56-19 3883 0.298 0.022
56-20 3887 0.297 0.026
56-21 3941 0.293 0.019
56-22 3892 0.294 0.020
56-23 3860 0.300 0.017
56-24 3926 0.306 0.017
56-25 3940 0.302 0.021
56-26 3940 0.302 0.026
56-27 3945 0.302 0.020
56-28 3942 0.305 0.025
56-29 3951 0.306 0.019
56-30 3597 0.299 0.018
56-31 3517 0.298 0.017
56-32 3578 0.296 0.015
56-33 3595 0.295 0.020
56-34 3005 0.293 0.015
56-35 3828 0.282 0.024
56-36 3821 0.282 0.014
56-37 3834 0.281 0.024
56-38 3833 0.281 0.027
56-39 3833 0.281 0.025
56-40 3834 0.282 0.019
56-41 3433 0.282 0.019
56-42 3923 0.305 0.024
56-43 3910 0.306 0.026
56-44 3947 0.319 0.021
56-45 3957 0.319 0.020
56-46 353 0.042 0.000
56-47 352 0.043 0.006
56-48 352 0.043 0.000
56-49 353 0.042 0.000
56-50 353 0.042 0.003
56-51 353 0.042 0.006
56-52 354 0.042 0.003
56-53 352 0.042 0.000
56-54 3 0.000 0.000
56-55 5 0.000 0.000
