AIsrael 3 5.9447887511662 1.740041832909063 1.6424659733495068
p: AIsrael 3 1.39269829314712e-05 0.07270113103370267 0.09659425641055429
AIsrael 4 3.7229796278057123 1.0261516124774517 1.2426268014532362
p: AIsrael 4 0.10329374758766309 0.581621570320666 0.4807579804073017
AIsrael 5 0.0 0.0 0.0
p: AIsrael 5 1.0 1.0 1.0
AIsrael 6 0.0 0.0 0.0
p: AIsrael 6 1.0 1.0 1.0
AVisc 3 3.5283124588002637 1.032738341910352 1.0152385306581793
p: AVisc 3 0.008624967440866148 0.5264281955585305 0.5428795353422791
AVisc 4 5.673583315778386 1.5637895583765422 2.036600154338
p: AVisc 4 0.017258462309558183 0.3043338102686093 0.18807602549246638
AVisc 5 6.158365425759521 1.9662371349677852 2.3921294060840173
p: AVisc 5 0.15158316697094135 0.4002147854430369 0.3447992995601754
AVisc 6 0.0 0.0 0.0
p: AVisc 6 1.0 1.0 1.0
ANaesl 3 11.254100084104289 3.2940791940243983 3.298752864680488
p: ANaesl 3 3.4445670968673736e-11 0.0001266260595320679 0.00012956557162029154
ANaesl 4 9.116527037319116 2.512755871579401 3.2710512045859477
p: ANaesl 4 0.0011728748549387565 0.08023739962229064 0.03776510038057006
ANaesl 5 7.359053024492509 2.3495915449300577 3.001059995760017
p: ANaesl 5 0.1286556473008354 0.3483481767092926 0.2868676237429734
ANaesl 6 22.08973768982973 8.047238173366146 13.376415094339622
p: ANaesl 6 0.04556253525849181 0.11806384936718985 0.07579685273298048
Treponema 3 8.36843339587242 2.4494435032489115 1.1143572621035058
p: Treponema 3 0.0066807215753391614 0.13551108796218606 0.5154713989917972
Treponema 4 17.777227722772277 4.899873949579832 2.257587064676617
p: Treponema 4 0.006329749200873024 0.06741549630854263 0.2316797073774307
Treponema 5 0.0 0.0 0.0
p: Treponema 5 1.0 1.0 1.0
Treponema 6 0.0 0.0 0.0
p: Treponema 6 1.0 1.0 1.0
Porphyromonas 3 7.2526422764227645 2.122851036149057 1.2986274509803921
p: Porphyromonas 3 0.034411845697950846 0.2546756025172481 0.46785131911044553
Porphyromonas 4 11.469179175982115 3.161208999728924 2.03473184246982
p: Porphyromonas 4 0.08615005727012486 0.2774715834175633 0.39618909746031467
Porphyromonas 5 0.0 0.0 0.0
p: Porphyromonas 5 1.0 1.0 1.0
Porphyromonas 6 0.0 0.0 0.0
p: Porphyromonas 6 1.0 1.0 1.0
TForsyth 3 2.5902293844367015 0.7581610843389488 0.42349837662337664
p: TForsyth 3 0.18510126253089637 0.7409506328535642 0.9470189927188124
TForsyth 4 4.182877111240535 1.1529115175481957 0.7902971497877501
p: TForsyth 4 0.2149975855518708 0.5824424807410793 0.7197270044209163
TForsyth 5 0.0 0.0 0.0
p: TForsyth 5 1.0 1.0 1.0
TForsyth 6 0.0 0.0 0.0
p: TForsyth 6 1.0 1.0 1.0
AActinom 3 0.0 0.0 0.0
p: AActinom 3 1.0 1.0 1.0
AActinom 4 0.0 0.0 0.0
p: AActinom 4 1.0 1.0 1.0
AActinom 5 0.0 0.0 0.0
p: AActinom 5 1.0 1.0 1.0
AActinom 6 0.0 0.0 0.0
p: AActinom 6 1.0 1.0 1.0
